11.199999809265137
11.65999984741211
14.34000015258789
23.110000610351562
24.75
33.79999923706055
31.489999771118164
27.059999465942383
44.52000045776367
48.93000030517578
51.52000045776367
50.869998931884766
41.91999816894531
52.2599983215332
55.59000015258789
53.630001068115234
52.68000030517578
47.959999084472656
51.31999969482422
54.84000015258789
54.20000076293945
54.22999954223633
51.119998931884766
54.13999938964844
54.72999954223633
57.599998474121094
57.34000015258789
56.11000061035156
63.459999084472656
60.060001373291016
64.5999984741211
61.099998474121094
60.779998779296875
71.61000061035156
64.94999694824219
70.01000213623047
69.19000244140625
69.44000244140625
75.95999908447266
71.33999633789062
75.05999755859375
76.08999633789062
76.55000305175781
79.7300033569336
73.72000122070312
77.83999633789062
81.54000091552734
80.83999633789062
81.95999908447266
77.18000030517578
80.12999725341797
83.44000244140625
83.20999908447266
83.79000091552734
79.27999877929688
82.05999755859375
85.13999938964844
85.33999633789062
85.16000366210938
81.55000305175781
83.20999908447266
86.87999725341797
86.36000061035156
87.02999877929688
83.18000030517578
84.58999633789062
87.70999908447266
87.3499984741211
88.0
84.86000061035156
86.63999938964844
88.9800033569336
88.51000213623047
89.0999984741211
85.81999969482422
87.30000305175781
89.51000213623047
89.08999633789062
89.38999938964844
87.43000030517578
88.41999816894531
90.26000213623047
89.76000213623047
90.23999786376953
88.16999816894531
89.13999938964844
90.61000061035156
90.16000366210938
90.58999633789062
89.0999984741211
89.93000030517578
90.86000061035156
90.54000091552734
90.7300033569336
89.61000061035156
90.58999633789062
91.36000061035156
91.08000183105469
91.06999969482422
90.05000305175781
